0.491 -0.134 0.000 2.224 -2.224 0.000
0.487 0.042 0.000 2.224 -2.224 0.000
0.491 0.240 0.000 2.224 -2.224 0.000
0.690 -0.143 0.000 2.224 -2.224 0.000
0.701 0.039 0.000 2.224 -2.224 0.000
0.690 0.230 0.000 2.224 -2.224 0.000
0.888 -0.144 0.000 2.224 -2.224 0.000
0.900 0.044 0.000 2.224 -2.224 0.000
0.887 0.226 0.000 2.224 -2.224 0.000
0.491 -0.134 0.110 2.224 -2.224 0.000
0.491 0.240 0.110 2.224 -2.224 0.000
0.701 0.039 0.110 2.224 -2.224 0.000
0.888 -0.144 0.110 2.224 -2.224 0.000
0.887 0.226 0.110 2.224 -2.224 0.000